,+0167,+0075,+0077,+0074,+0078,+0075,+0078,+0075,+0074,+0076,+0077,+0077
,+0200,+1446,+1427,+1266,+1225,+1056,+0759,+0515,+0346,+0328,+0201,+0201
,+0230,+1461,+1418,+1367,+1182,+0991,+0743,+0457,+0364,+0256,+0381,+0399
,+0185,+1302,+1377,+1599,+1631,+1092,+1367,+1255,+1291,+1572,+1577,+1178
,+0175,+1241,+1062,+1491,+1505,+0638,+0941,+0846,+0699,+1323,+1262,+0780
,+0219,+0421,+0654,+0863,+0984,+0302,+0380,+0355,+0339,+0699,+0744,+0374
,+0384,+0256,+0281,+0425,+0390,+0226,+0202,+0204,+0199,+0294,+0387,+0224
,+0684,+0316,+0258,+0245,+0253,+0361,+0187,+0194,+0237,+0315,+0269,+0209
F1LE 4
FIFE 4 REPORT         
03/10/95  06:17:05.78  PM
