,+0078,+0070,+0070,+0074,+0077,+0079,+0079,+0076,+0095,+0068,+0070,+0076
,+0148,+1478,+1429,+1328,+1145,+0937,+0658,+0396,+0298,+0208,+0168,+0152
,+0157,+1321,+1588,+1366,+1187,+0961,+0686,+0419,+0286,+0216,+0177,+0146
,+0166,+1914,+2439,+2189,+2154,+1858,+1944,+1791,+0397,+0200,+0193,+0178
,+0177,+1466,+1833,+1973,+1928,+1476,+1705,+1616,+0279,+0146,+0158,+0157
,+0183,+1183,+1387,+1401,+1514,+1208,+1256,+1180,+0195,+0159,+0144,+0158
,+0223,+0623,+0729,+0698,+0721,+0460,+0730,+0490,+0188,+0148,+0144,+0144
,+0182,+0277,+0284,+0287,+0316,+0303,+0264,+0263,+0159,+0157,+0166,+0158
F1LE 4
FIFE 4 REPORT         
03/10/95  06:17:43.32  PM
