       0.934    0.438    0.346    1.085    0.371    0.261    0.261    1.625
       1.086    0.414    0.239    0.412    0.224    0.176    0.211      1.7
       1.166    0.402     0.23    0.274    0.204    0.162    0.189    1.619
       0.783    0.339    0.204    0.227    0.201    0.172    0.194    1.166
       0.476    0.332    0.269    0.214    0.199    0.164    0.185    0.688
       0.607    0.238    0.394    0.198    0.178    0.152    0.186    0.433
       0.514    0.311    0.216    0.204    0.184    0.177    0.189    0.335
       0.517    0.229    0.206    0.151    0.185    0.186    0.205    0.259
       0.437    0.209    0.242    0.184     0.19    0.176    0.205    0.264
       0.265    0.201    0.213    0.159    0.248    0.183    0.199    0.256
       0.349    0.231    0.292    0.155     0.19    0.168     0.25    0.251
       0.385    0.288    0.285    0.272    0.269    0.252    0.253    0.294
