A   0.119 2.180 2.124 1.985 1.917 1.736 0.867 1.858 1.845 1.518 0.708 1.433  

B   0.150 1.990 1.966 1.064 1.680 1.751 1.590 1.746 1.904 1.751 0.894 1.355  

C   0.149 1.783 1.868 1.986 2.059 1.954 2.024 1.988 1.887 1.924 1.213 1.888  

D   0.144 1.396 1.501 2.044 2.138 2.001 1.954 1.853 1.653 1.576 0.345 1.001  

E   0.128 0.703 1.083 2.016 2.014 1.937 1.907 1.373 2.005 1.100 1.471 1.751  

F   0.125 0.635 0.633 1.882 2.140 1.923 1.857 1.829 1.662 1.053 1.767 1.205  

G   0.141 0.417 0.400 2.016 1.988 2.033 1.897 1.602 1.832 0.672 1.633 1.069  

H   0.154 0.318 0.305 1.711 1.748 1.702 1.311 1.588 1.876 1.714 1.136 0.995  





