


NAME  : 
DATE :27-08-90


   PLATE NUMBER   1               



      1     2     3     4     5     6     7     8     9    10    11    12

A   0.291 1.434 1.792 1.722 1.816 1.667 1.736 1.712 1.820 1.840 1.859 1.958  

B   0.206 0.552 1.105 0.913 0.857 0.821 0.782 0.761 0.848 0.767 0.903 0.831  

C   0.188 0.228 0.320 0.267 0.300 0.260 0.261 0.265 0.300 0.292 0.308 0.306  

D   1.580 1.219 1.540 1.415 1.409 1.302 1.292 0.939 0.652 0.592 0.830 1.038  

E   0.517 0.298 0.361 0.334 0.357 0.346 0.336 0.290 0.244 0.238 0.282 0.300  

F   0.195 0.169 0.166 0.174 0.196 0.194 0.182 0.180 0.186 0.179 0.172 0.184  

G   0.180 0.204 0.176 0.171 0.253 0.181 0.186 0.183 0.189 0.184 0.209 0.204  

H   1.356 1.371 1.561 1.094 0.608 0.355 0.266 0.220 0.194 0.199 0.206 0.232  












































