


NAME  : 
DATE :27-08-90


   PLATE NUMBER   1               



      1     2     3     4     5     6     7     8     9    10    11    12

A   0.934 1.086 1.166 0.783 0.476 0.607 0.514 0.517 0.437 0.265 0.349 0.385  

B   0.438 0.414 0.402 0.339 0.332 0.238 0.311 0.229 0.209 0.201 0.231 0.288  

C   0.346 0.239 0.230 0.204 0.269 0.394 0.216 0.206 0.242 0.213 0.292 0.285  

D   1.085 0.412 0.274 0.227 0.214 0.198 0.204 0.151 0.184 0.159 0.155 0.272  

E   0.371 0.224 0.204 0.201 0.199 0.178 0.184 0.185 0.190 0.248 0.190 0.269  

F   0.261 0.176 0.162 0.172 0.164 0.152 0.177 0.186 0.176 0.183 0.168 0.252  

G   0.261 0.211 0.189 0.194 0.185 0.186 0.189 0.205 0.205 0.199 0.250 0.253  

H   1.625 1.700 1.619 1.166 0.688 0.433 0.335 0.259 0.264 0.256 0.251 0.294  












































