A   0.091 2.047 2.060 0.566 0.462 0.158 1.851 1.740 1.925 0.117 0.114 0.113  

B   0.113 1.878 1.884 1.500 0.160 1.134 1.558 1.365 1.814 0.139 0.180 0.149  

C   0.105 1.833 1.756 0.328 1.141 1.503 0.516 0.835 0.808 0.122 0.127 0.133  

D   0.094 1.427 1.466 0.137 0.094 0.091 0.463 0.580 0.513 0.099 0.105 0.105  

E   0.100 0.988 0.975 0.665 1.578 0.376 0.364 0.122 0.242 0.127 0.121 0.122  

F   0.093 0.603 0.588 0.171 0.110 0.101 0.387 1.129 0.221 0.112 0.113 0.112  

G   0.111 0.339 0.355 0.120 0.121 0.128 0.131 0.534 0.130 0.131 0.128 0.139  

H   0.148 0.227 0.237 0.138 0.126 0.125 0.130 0.128 0.147 0.166 0.143 0.146  
