 1  0.146  0.149  0.149  0.137  0.162  0.158  0.163  0.178
 2  0.705  0.828  0.806  0.704  0.534  0.403  0.275  0.239
 3  0.760  0.870  0.857  0.705  0.555  0.428  0.284  0.236
 4  0.095  0.162  0.422  0.579  0.162  0.831  0.566  0.260
 5  0.089  0.188  0.729  0.480  0.146  0.841  0.574  0.279
 6  0.108  0.177  0.408  0.159  0.145  0.804  0.608  0.257
 7  0.117  0.159  0.351  0.115  0.136  0.414  0.345  0.237
 8  0.111  0.158  0.392  0.122  0.147  0.661  0.264  0.241
 9  0.120  0.149  0.310  0.135  0.140  0.181  0.306  0.259
10  0.126  0.156  0.257  0.125  0.150  0.239  0.214  0.266
11  0.130  0.186  0.219  0.126  0.160  0.183  0.209  0.287
12  0.129  0.176  0.232  0.140  0.202  0.225  0.251  0.345
